9 60
9 58 60
9 58
9 52 60
9 52 58 60
9 52 58
9 52
9 40 60
9 40 58 60
9 40 58
9 40 52 58
9 40 52
9 40
9 29 60
9 29 58 60
9 29 58
9 29 52 60
9 29 52 58 60
9 29 52 58
9 29 52
9 29 40 58
9 29 40 52 58
9 29 40 52
9 29 40
9 29
9
7 66
7 62
7 60 66
7 60 62
7 60
7 58 66
7 58 62
7 58 60 66
7 58 60 62
7 58 60
7 58
7 56 60
7 56 58 60
7 56 58
7 56
7 52 66
7 52 62
7 52 60 66
7 52 60 62
7 52 60
7 52 58 66
7 52 58 62
7 52 58 60 66
7 52 58 60 62
7 52 58 60
7 52 58
7 52 56 60
7 52 56 58 60
7 52 56 58
7 52 56
7 52
7 48 60
7 48 58 60
7 48 58
7 48 52 60
7 48 52 58 60
7 48 52 58
7 48 52
7 48
7 40 66
7 40 62
7 40 60 66
7 40 60 62
7 40 60
7 40 58 66
7 40 58 62
7 40 58 60 66
7 40 58 60 62
7 40 58 60
7 40 58
7 40 56 60
7 40 56 58 60
7 40 56 58
7 40 56
7 40 52 66
7 40 52 62
7 40 52 60 66
7 40 52 60 62
7 40 52 60
7 40 52 58 66
7 40 52 58 62
7 40 52 58 60 66
7 40 52 58 60 62
7 40 52 58 60
7 40 52 58
7 40 52 56 60
7 40 52 56 58 60
7 40 52 56 58
7 40 52 56
7 40 52
7 40 48 60
7 40 48 58 60
7 40 48 58
7 40 48 52 60
7 40 48 52 58 60
7 40 48 52 58
7 40 48 52
7 40 48
7 40
7 36 66
7 36 62
7 36 60 66
7 36 60
7 36 58 66
7 36 58 62
7 36 58 60 66
7 36 58 60
7 36 58
7 36 52 62
7 36 52 60
7 36 52 58 62
7 36 52 58 60
7 36 52 58
7 36 52
7 36 48 60
7 36 48 58 60
7 36 48 58
7 36 48 52 60
7 36 48 52 58 60
7 36 48 52 58
7 36 48 52
7 36 48
7 36 40 62
7 36 40 60
7 36 40 58 62
7 36 40 58 60
7 36 40 58
7 36 40 52 60
7 36 40 52 58 60
7 36 40 52 58
7 36 40 52
7 36 40 48 60
7 36 40 48 58 60
7 36 40 48 58
7 36 40 48 52 58
7 36 40 48 52
7 36 40 48
7 36 40
7 36
7 34 60
7 34 58 60
7 34 58
7 34 52 60
7 34 52 58 60
7 34 52 58
7 34 52
7 34 40 60
7 34 40 58 60
7 34 40 58
7 34 40 52 60
7 34 40 52 58 60
7 34 40 52 58
7 34 40 52
7 34 40
7 34 36 58
7 34 36 52 58
7 34 36 52
7 34 36 40
7 34 36
7 34
7 29 66
7 29 62
7 29 60 66
7 29 60 62
7 29 60
7 29 58 66
7 29 58 62
7 29 58 60 66
7 29 58 60 62
7 29 58 60
7 29 58
7 29 56 60
7 29 56 58 60
7 29 56 58
7 29 56
7 29 52 66
7 29 52 62
7 29 52 60 66
7 29 52 60 62
7 29 52 60
7 29 52 58 66
7 29 52 58 62
7 29 52 58 60 66
7 29 52 58 60 62
7 29 52 58 60
7 29 52 58
7 29 52 56 60
7 29 52 56 58 60
7 29 52 56 58
7 29 52 56
7 29 52
7 29 48 60
7 29 48 58 60
7 29 48 58
7 29 48 52 60
7 29 48 52 58 60
7 29 48 52 58
7 29 48 52
7 29 48
7 29 40 66
7 29 40 62
7 29 40 60 66
7 29 40 60 62
7 29 40 60
7 29 40 58 66
7 29 40 58 62
7 29 40 58 60 66
7 29 40 58 60 62
7 29 40 58 60
7 29 40 58
7 29 40 56 60
7 29 40 56 58 60
7 29 40 56 58
7 29 40 56
7 29 40 52 66
7 29 40 52 62
7 29 40 52 60 66
7 29 40 52 60 62
7 29 40 52 60
7 29 40 52 58 66
7 29 40 52 58 62
7 29 40 52 58 60 66
7 29 40 52 58 60 62
7 29 40 52 58 60
7 29 40 52 58
7 29 40 52 56 60
7 29 40 52 56 58 60
7 29 40 52 56 58
7 29 40 52 56
7 29 40 52
7 29 40 48 60
7 29 40 48 58 60
7 29 40 48 58
7 29 40 48 52 60
7 29 40 48 52 58 60
7 29 40 48 52 58
7 29 40 48 52
7 29 40 48
7 29 40
7 29 36 62
7 29 36 60
7 29 36 58 62
7 29 36 58 60
7 29 36 58
7 29 36 52 60
7 29 36 52 58 60
7 29 36 52 58
7 29 36 52
7 29 36 48 60
7 29 36 48 58 60
7 29 36 48 58
7 29 36 48 52 58
7 29 36 48 52
7 29 36 48
7 29 36 40 60
7 29 36 40 58 60
7 29 36 40 58
7 29 36 40 52 60
7 29 36 40 52 58 60
7 29 36 40 52 58
7 29 36 40 52
7 29 36 40 48 58
7 29 36 40 48 52 58
7 29 36 40 48 52
7 29 36 40 48
7 29 36 40
7 29 36
7 29 34 60
7 29 34 58 60
7 29 34 58
7 29 34 52 60
7 29 34 52 58 60
7 29 34 52 58
7 29 34 52
7 29 34 40 60
7 29 34 40 58 60
7 29 34 40 58
7 29 34 40 52 60
7 29 34 40 52 58 60
7 29 34 40 52 58
7 29 34 40 52
7 29 34 40
7 29 34 36 58
7 29 34 36 52 58
7 29 34 36 52
7 29 34 36
7 29 34
7 29
7
66
62 66
62
60 66
60 62 66
60 62
60
58 66
58 62 66
58 62
58 60 66
58 60 62 66
58 60 62
58 60
58
56 66
56 62
56 60 66
56 60 62
56 60
56 58 66
56 58 62
56 58 60 66
56 58 60 62
56 58 60
56 58
56
52 66
52 62 66
52 62
52 60 66
52 60 62 66
52 60 62
52 60
52 58 66
52 58 62 66
52 58 62
52 58 60 66
52 58 60 62 66
52 58 60 62
52 58 60
52 58
52 56 66
52 56 62
52 56 60 66
52 56 60 62
52 56 60
52 56 58 66
52 56 58 62
52 56 58 60 66
52 56 58 60 62
52 56 58 60
52 56 58
52 56
52
5 7 58
5 7 52 58
5 7 52
5 7 40 58
5 7 40
5 7 29 58
5 7 29 52 58
5 7 29 52
5 7 29 40 58
5 7 29 40
5 7 29
5 7
5 66
5 62
5 60 66
5 60
5 58 66
5 58 62
5 58 60 66
5 58 60
5 58
5 52 66
5 52 62
5 52 60 66
5 52 60
5 52 58 66
5 52 58 62
5 52 58 60 66
5 52 58 60
5 52 58
5 52
5 40 66
5 40 62
5 40 60 66
5 40 60
5 40 58 66
5 40 58 62
5 40 58 60 66
5 40 58 60
5 40 58
5 40 52 62
5 40 52 60
5 40 52 58 62
5 40 52 58 60
5 40 52 58
5 40 52
5 40
5 36 60
5 36 58 60
5 36 58
5 36 52 58
5 36 52
5 36 40 58
5 36 40 52 58
5 36 40 52
5 36 40
5 36
5 34 60
5 34 58 60
5 34 58
5 34 52 60
5 34 52 58 60
5 34 52 58
5 34 52
5 34 40 60
5 34 40 58 60
5 34 40 58
5 34 40 52 60
5 34 40 52 58 60
5 34 40 52 58
5 34 40 52
5 34 40
5 34
5 29 66
5 29 62
5 29 60 66
5 29 60
5 29 58 66
5 29 58 62
5 29 58 60 66
5 29 58 60
5 29 58
5 29 52 66
5 29 52 62
5 29 52 60 66
5 29 52 60
5 29 52 58 66
5 29 52 58 62
5 29 52 58 60 66
5 29 52 58 60
5 29 52 58
5 29 52
5 29 40 66
5 29 40 62
5 29 40 60 66
5 29 40 60
5 29 40 58 66
5 29 40 58 62
5 29 40 58 60 66
5 29 40 58 60
5 29 40 58
5 29 40 52 62
5 29 40 52 60
5 29 40 52 58 62
5 29 40 52 58 60
5 29 40 52 58
5 29 40 52
5 29 40
5 29 36 60
5 29 36 58 60
5 29 36 58
5 29 36 52 58
5 29 36 52
5 29 36 40 58
5 29 36 40 52 58
5 29 36 40 52
5 29 36 40
5 29 36
5 29 34 60
5 29 34 58 60
5 29 34 58
5 29 34 52 60
5 29 34 52 58 60
5 29 34 52 58
5 29 34 52
5 29 34 40 60
5 29 34 40 58 60
5 29 34 40 58
5 29 34 40 52 60
5 29 34 40 52 58 60
5 29 34 40 52 58
5 29 34 40 52
5 29 34 40
5 29 34
5 29
5
48 66
48 62
48 60 66
48 60 62
48 60
48 58 66
48 58 62
48 58 60 66
48 58 60 62
48 58 60
48 58
48 56 58
48 56
48 52 66
48 52 62
48 52 60 66
48 52 60 62
48 52 60
48 52 58 66
48 52 58 62
48 52 58 60 66
48 52 58 60 62
48 52 58 60
48 52 58
48 52 56 58
48 52 56
48 52
48
40 66
40 62 66
40 62
40 60 66
40 60 62 66
40 60 62
40 60
40 58 66
40 58 62 66
40 58 62
40 58 60 66
40 58 60 62 66
40 58 60 62
40 58 60
40 58
40 56 66
40 56 62
40 56 60 66
40 56 60 62
40 56 60
40 56 58 66
40 56 58 62
40 56 58 60 66
40 56 58 60 62
40 56 58 60
40 56 58
40 56
40 52 66
40 52 62 66
40 52 62
40 52 60 66
40 52 60 62 66
40 52 60 62
40 52 60
40 52 58 66
40 52 58 62 66
40 52 58 62
40 52 58 60 66
40 52 58 60 62 66
40 52 58 60 62
40 52 58 60
40 52 58
40 52 56 66
40 52 56 62
40 52 56 60 66
40 52 56 60 62
40 52 56 60
40 52 56 58 66
40 52 56 58 62
40 52 56 58 60 66
40 52 56 58 60 62
40 52 56 58 60
40 52 56 58
40 52 56
40 52
40 48 66
40 48 62
40 48 60 66
40 48 60 62
40 48 60
40 48 58 66
40 48 58 62
40 48 58 60 66
40 48 58 60 62
40 48 58 60
40 48 58
40 48 52 66
40 48 52 62
40 48 52 60 66
40 48 52 60 62
40 48 52 60
40 48 52 58 66
40 48 52 58 62
40 48 52 58 60 66
40 48 52 58 60 62
40 48 52 58 60
40 48 52 58
40 48 52
40 48
40
36 66
36 62
36 60 66
36 60 62
36 60
36 58 66
36 58 62
36 58 60 66
36 58 60 62
36 58 60
36 58
36 56 62
36 56 60
36 56 58 62
36 56 58 60
36 56 58
36 56
36 52 66
36 52 62
36 52 60 66
36 52 60 62
36 52 60
36 52 58 66
36 52 58 62
36 52 58 60 66
36 52 58 60 62
36 52 58 60
36 52 58
36 52 56 60
36 52 56 58 60
36 52 56 58
36 52 56
36 52
36 48 66
36 48 62
36 48 60 66
36 48 60 62
36 48 60
36 48 58 66
36 48 58 62
36 48 58 60 66
36 48 58 60 62
36 48 58 60
36 48 58
36 48 52 66
36 48 52 62
36 48 52 60 66
36 48 52 60
36 48 52 58 66
36 48 52 58 62
36 48 52 58 60 66
36 48 52 58 60
36 48 52 58
36 48 52
36 48
36 40 66
36 40 62
36 40 60 66
36 40 60 62
36 40 60
36 40 58 66
36 40 58 62
36 40 58 60 66
36 40 58 60 62
36 40 58 60
36 40 58
36 40 56 60
36 40 56 58 60
36 40 56 58
36 40 56
36 40 52 66
36 40 52 62
36 40 52 60 66
36 40 52 60 62
36 40 52 60
36 40 52 58 66
36 40 52 58 62
36 40 52 58 60 66
36 40 52 58 60 62
36 40 52 58 60
36 40 52 58
36 40 52 56 60
36 40 52 56 58 60
36 40 52 56 58
36 40 52 56
36 40 52
36 40 48 66
36 40 48 62
36 40 48 60 66
36 40 48 60 62
36 40 48 60
36 40 48 58 66
36 40 48 58 62
36 40 48 58 60 66
36 40 48 58 60 62
36 40 48 58 60
36 40 48 58
36 40 48 52 66
36 40 48 52 62
36 40 48 52 60 66
36 40 48 52 60
36 40 48 52 58 66
36 40 48 52 58 62
36 40 48 52 58 60 66
36 40 48 52 58 60
36 40 48 52 58
36 40 48 52
36 40 48
36 40
36
34 66
34 62
34 60 66
34 60 62
34 60
34 58 66
34 58 62
34 58 60 66
34 58 60 62
34 58 60
34 58
34 56 60
34 56 58 60
34 56 58
34 56
34 52 66
34 52 62
34 52 60 66
34 52 60 62
34 52 60
34 52 58 66
34 52 58 62
34 52 58 60 66
34 52 58 60 62
34 52 58 60
34 52 58
34 52 56 60
34 52 56 58 60
34 52 56 58
34 52 56
34 52
34 48 60
34 48 58 60
34 48 58
34 48 52 60
34 48 52 58 60
34 48 52 58
34 48 52
34 48
34 40 66
34 40 62
34 40 60 66
34 40 60 62
34 40 60
34 40 58 66
34 40 58 62
34 40 58 60 66
34 40 58 60 62
34 40 58 60
34 40 58
34 40 56 60
34 40 56 58 60
34 40 56 58
34 40 56
34 40 52 66
34 40 52 62
34 40 52 60 66
34 40 52 60 62
34 40 52 60
34 40 52 58 66
34 40 52 58 62
34 40 52 58 60 66
34 40 52 58 60 62
34 40 52 58 60
34 40 52 58
34 40 52 56 58
34 40 52 56
34 40 52
34 40 48 60
34 40 48 58 60
34 40 48 58
34 40 48 52 58
34 40 48 52
34 40 48
34 40
34 36 62
34 36 60
34 36 58 62
34 36 58 60
34 36 58
34 36 52 60
34 36 52 58 60
34 36 52 58
34 36 52
34 36 48 60
34 36 48 58
34 36 48 52 58
34 36 48 52
34 36 48
34 36 40 60
34 36 40 58 60
34 36 40 58
34 36 40 52 60
34 36 40 52 58 60
34 36 40 52 58
34 36 40 52
34 36 40 48 58
34 36 40 48
34 36 40
34 36
34
3 58
3 52 58
3 52
3 40 58
3 40 52 58
3 40 52
3 40
3 29 58
3 29 52 58
3 29 52
3 29 40 58
3 29 40 52 58
3 29 40 52
3 29 40
3 29
3
29 66
29 62 66
29 62
29 60 66
29 60 62 66
29 60 62
29 60
29 58 66
29 58 62 66
29 58 62
29 58 60 66
29 58 60 62 66
29 58 60 62
29 58 60
29 58
29 56 66
29 56 62
29 56 60 66
29 56 60 62
29 56 60
29 56 58 66
29 56 58 62
29 56 58 60 66
29 56 58 60 62
29 56 58 60
29 56 58
29 56
29 52 66
29 52 62 66
29 52 62
29 52 60 66
29 52 60 62 66
29 52 60 62
29 52 60
29 52 58 66
29 52 58 62 66
29 52 58 62
29 52 58 60 66
29 52 58 60 62 66
29 52 58 60 62
29 52 58 60
29 52 58
29 52 56 66
29 52 56 62
29 52 56 60 66
29 52 56 60 62
29 52 56 60
29 52 56 58 66
29 52 56 58 62
29 52 56 58 60 66
29 52 56 58 60 62
29 52 56 58 60
29 52 56 58
29 52 56
29 52
29 48 66
29 48 62
29 48 60 66
29 48 60 62
29 48 60
29 48 58 66
29 48 58 62
29 48 58 60 66
29 48 58 60 62
29 48 58 60
29 48 58
29 48 52 66
29 48 52 62
29 48 52 60 66
29 48 52 60 62
29 48 52 60
29 48 52 58 66
29 48 52 58 62
29 48 52 58 60 66
29 48 52 58 60 62
29 48 52 58 60
29 48 52 58
29 48 52
29 48
29 40 66
29 40 62 66
29 40 62
29 40 60 66
29 40 60 62 66
29 40 60 62
29 40 60
29 40 58 66
29 40 58 62 66
29 40 58 62
29 40 58 60 66
29 40 58 60 62 66
29 40 58 60 62
29 40 58 60
29 40 58
29 40 56 66
29 40 56 62
29 40 56 60 66
29 40 56 60 62
29 40 56 60
29 40 56 58 66
29 40 56 58 62
29 40 56 58 60 66
29 40 56 58 60 62
29 40 56 58 60
29 40 56 58
29 40 56
29 40 52 66
29 40 52 62 66
29 40 52 62
29 40 52 60 66
29 40 52 60 62 66
29 40 52 60 62
29 40 52 60
29 40 52 58 66
29 40 52 58 62 66
29 40 52 58 62
29 40 52 58 60 66
29 40 52 58 60 62 66
29 40 52 58 60 62
29 40 52 58 60
29 40 52 58
29 40 52 56 62
29 40 52 56 60 62
29 40 52 56 60
29 40 52 56 58 62
29 40 52 56 58 60 62
29 40 52 56 58 60
29 40 52 56 58
29 40 52 56
29 40 52
29 40 48 66
29 40 48 62
29 40 48 60 66
29 40 48 60 62
29 40 48 60
29 40 48 58 66
29 40 48 58 62
29 40 48 58 60 66
29 40 48 58 60 62
29 40 48 58 60
29 40 48 58
29 40 48 52 66
29 40 48 52 62
29 40 48 52 60 66
29 40 48 52 60
29 40 48 52 58 66
29 40 48 52 58 62
29 40 48 52 58 60 66
29 40 48 52 58 60
29 40 48 52 58
29 40 48 52
29 40 48
29 40
29 36 66
29 36 62
29 36 60 66
29 36 60 62
29 36 60
29 36 58 66
29 36 58 62
29 36 58 60 66
29 36 58 60 62
29 36 58 60
29 36 58
29 36 56 60
29 36 56 58 60
29 36 56 58
29 36 56
29 36 52 66
29 36 52 62
29 36 52 60 66
29 36 52 60 62
29 36 52 60
29 36 52 58 66
29 36 52 58 62
29 36 52 58 60 66
29 36 52 58 60 62
29 36 52 58 60
29 36 52 58
29 36 52 56 60
29 36 52 56 58 60
29 36 52 56 58
29 36 52 56
29 36 52
29 36 48 66
29 36 48 62
29 36 48 60 66
29 36 48 60
29 36 48 58 66
29 36 48 58 62
29 36 48 58 60 66
29 36 48 58 60
29 36 48 58
29 36 48 52 66
29 36 48 52 62
29 36 48 52 60 66
29 36 48 52 60
29 36 48 52 58 66
29 36 48 52 58 62
29 36 48 52 58 60 66
29 36 48 52 58 60
29 36 48 52 58
29 36 48 52
29 36 48
29 36 40 66
29 36 40 62
29 36 40 60 66
29 36 40 60 62
29 36 40 60
29 36 40 58 66
29 36 40 58 62
29 36 40 58 60 66
29 36 40 58 60 62
29 36 40 58 60
29 36 40 58
29 36 40 56 60
29 36 40 56 58 60
29 36 40 56 58
29 36 40 56
29 36 40 52 66
29 36 40 52 62
29 36 40 52 60 66
29 36 40 52 60 62
29 36 40 52 60
29 36 40 52 58 66
29 36 40 52 58 62
29 36 40 52 58 60 66
29 36 40 52 58 60 62
29 36 40 52 58 60
29 36 40 52 58
29 36 40 52 56 60
29 36 40 52 56 58 60
29 36 40 52 56 58
29 36 40 52 56
29 36 40 52
29 36 40 48 66
29 36 40 48 62
29 36 40 48 60 66
29 36 40 48 60
29 36 40 48 58 66
29 36 40 48 58 62
29 36 40 48 58 60 66
29 36 40 48 58 60
29 36 40 48 58
29 36 40 48 52 66
29 36 40 48 52 60 66
29 36 40 48 52 60
29 36 40 48 52 58 66
29 36 40 48 52 58 60 66
29 36 40 48 52 58 60
29 36 40 48 52 58
29 36 40 48 52
29 36 40 48
29 36 40
29 36
29 34 66
29 34 62
29 34 60 66
29 34 60 62
29 34 60
29 34 58 66
29 34 58 62
29 34 58 60 66
29 34 58 60 62
29 34 58 60
29 34 58
29 34 56 60
29 34 56 58 60
29 34 56 58
29 34 56
29 34 52 66
29 34 52 62
29 34 52 60 66
29 34 52 60 62
29 34 52 60
29 34 52 58 66
29 34 52 58 62
29 34 52 58 60 66
29 34 52 58 60 62
29 34 52 58 60
29 34 52 58
29 34 52 56 60
29 34 52 56 58 60
29 34 52 56 58
29 34 52 56
29 34 52
29 34 48 60
29 34 48 58 60
29 34 48 58
29 34 48 52 60
29 34 48 52 58 60
29 34 48 52 58
29 34 48 52
29 34 48
29 34 40 66
29 34 40 62
29 34 40 60 66
29 34 40 60 62
29 34 40 60
29 34 40 58 66
29 34 40 58 62
29 34 40 58 60 66
29 34 40 58 60 62
29 34 40 58 60
29 34 40 58
29 34 40 56 60
29 34 40 56 58 60
29 34 40 56 58
29 34 40 56
29 34 40 52 66
29 34 40 52 62
29 34 40 52 60 66
29 34 40 52 60 62
29 34 40 52 60
29 34 40 52 58 66
29 34 40 52 58 62
29 34 40 52 58 60 66
29 34 40 52 58 60 62
29 34 40 52 58 60
29 34 40 52 58
29 34 40 52 56 58
29 34 40 52 56
29 34 40 52
29 34 40 48 60
29 34 40 48 58 60
29 34 40 48 58
29 34 40 48 52 58
29 34 40 48 52
29 34 40 48
29 34 40
29 34 36 62
29 34 36 60
29 34 36 58 62
29 34 36 58 60
29 34 36 58
29 34 36 52 60
29 34 36 52 58 60
29 34 36 52 58
29 34 36 52
29 34 36 48 58
29 34 36 48 52 58
29 34 36 48 52
29 34 36 48
29 34 36 40 60
29 34 36 40 58 60
29 34 36 40 58
29 34 36 40 52 60
29 34 36 40 52 58 60
29 34 36 40 52 58
29 34 36 40 52
29 34 36 40 48 58
29 34 36 40 48
29 34 36 40
29 34 36
29 34
29
25 60
25 58 60
25 58
25 52 60
25 52 58 60
25 52 58
25 52
25 40 60
25 40 58 60
25 40 58
25 40 52 60
25 40 52 58 60
25 40 52 58
25 40 52
25 40
25 29 60
25 29 58 60
25 29 58
25 29 52 60
25 29 52 58 60
25 29 52 58
25 29 52
25 29 40 58
25 29 40 52 58
25 29 40 52
25 29 40
25 29
25